spawns: 
  default: 
    world: world
    x: 0.671216523773385
    y: 65.0
    z: 0.5046059457826646
    yaw: -267.47443
    pitch: 33.449993
