'1':
  X: -23.971651876161125
  Y: 60.0
  Z: -32.14082188023734
  Pitch: 5.5500016
  Yaw: -85.64959
