timestamps:
  login: 1423233548577
  logout: 1423233548231
ipAddress: 25.81.156.176
lastlocation:
  world: serwerHardcore
  x: -681.9616251294458
  y: 4.0
  z: 325.5625228375464
  yaw: -3.4942644
  pitch: -8.850025
logoutlocation:
  world: serwerHardcore
  x: 30.495150444676113
  y: 4.0
  z: 645.3948721385007
  yaw: 50.65222
  pitch: 4.5000196
