spawns: 
  default: 
    world: world
    x: 0.5063117490420589
    y: 64.0
    z: 0.441139965432308
    yaw: 159.45032
    pitch: 39.150013
  gracz: 
    world: world
    x: 0.5063117490420589
    y: 64.0
    z: 0.441139965432308
    yaw: 159.45032
    pitch: 39.150013
  mob: 
    world: world
    x: -52.7629354240088
    y: 59.0
    z: -42.345614684565014
    yaw: 147.9003
    pitch: -42.899967
